BACKUP
BACKUP
1544
12619
21479
1929
52
97
56
114
13000
4160
11602
13908
1424
10234
19124
1743
108
108
137
116
11795
4120
8597
10644
1391
10991
17236
1553
115
189
178
291
9301
3881
7568
9318
1574
11941
21284
1848
54
93
49
133
13697
5229
11365
13305
1355
10825
21435
1732
103
110
62
235
10971
3606
9033
10518
1393
10171
17231
1661
50
221
197
177
12274
3822
7621
9493
1546
12235
21253
2015
52
134
54
117
12462
4070
12121
13271
1381
10633
18584
1703
103
110
72
109
10888
3871
8335
10686
1410
12926
17002
1665
115
113
128
134
11676
4242
7941
9246
1519
11306
21082
1915
57
106
50
111
13128
4270
11882
13916
1461
10215
18776
1625
98
123
53
145
13692
4521
8280
12015
2901
10935
16938
1585
113
149
140
179
10057
5880
7839
10658
1326
11304
17529
1663
55
120
69
141
12841
4965
9313
9971
2381
11316
14704
2268
96
172
125
209
8663
4558
5594
10972
4708
9590
14238
1779
98
246
203
292
21555
4100
5951
15640
1476
12146
19665
1949
61
115
59
122
11087
4378
9575
8835
1993
10953
15907
1587
110
220
124
280
11406
4787
11818
10268
1716
9108
14916
4205
117
243
191
287
14992
3682
5758
7252
1294
11369
17953
1889
58
134
61
131
11486
4055
8965
10567
3202
11444
18312
3448
102
178
103
259
8368
3502
6086
10143
4842
10182
21017
5310
115
230
175
279
13990
8478
5604
6083
1529
10548
17594
2262
53
104
64
129
12041
4171
13653
10030
2124
9475
14391
1657
105
185
168
251
13184
4187
5753
11899
3072
21739
BACKUP
BACKUP
1326
11304
BACKUP
11835
BACKUP
1317
9827
BACKUP
1189
9614
16147
1388
47
92
52
102
9672
3167
7366
9261
